%YAML:1.0
features:
   - { x:0, y:400 }
   - { x:28, y:399 }
   - { x:39, y:398 }
   - { x:48, y:397 }
   - { x:56, y:396 }
   - { x:63, y:395 }
   - { x:69, y:394 }
   - { x:74, y:393 }
   - { x:79, y:392 }
   - { x:84, y:391 }
   - { x:88, y:390 }
   - { x:93, y:389 }
   - { x:97, y:388 }
   - { x:101, y:387 }
   - { x:104, y:386 }
   - { x:108, y:385 }
   - { x:112, y:384 }
   - { x:115, y:383 }
   - { x:118, y:382 }
   - { x:121, y:381 }
   - { x:124, y:380 }
   - { x:127, y:379 }
   - { x:130, y:378 }
   - { x:133, y:377 }
   - { x:136, y:376 }
   - { x:139, y:375 }
   - { x:141, y:374 }
   - { x:144, y:373 }
   - { x:147, y:372 }
   - { x:149, y:371 }
   - { x:151, y:370 }
   - { x:154, y:369 }
   - { x:156, y:368 }
   - { x:159, y:367 }
   - { x:161, y:366 }
   - { x:163, y:365 }
   - { x:165, y:364 }
   - { x:168, y:363 }
   - { x:170, y:362 }
   - { x:172, y:361 }
   - { x:174, y:360 }
   - { x:176, y:359 }
   - { x:178, y:358 }
   - { x:180, y:357 }
   - { x:182, y:356 }
   - { x:184, y:355 }
   - { x:186, y:354 }
   - { x:188, y:353 }
   - { x:189, y:352 }
   - { x:191, y:351 }
   - { x:193, y:350 }
   - { x:195, y:349 }
   - { x:197, y:348 }
   - { x:198, y:347 }
   - { x:200, y:346 }
   - { x:202, y:345 }
   - { x:204, y:344 }
   - { x:205, y:343 }
   - { x:207, y:342 }
   - { x:209, y:341 }
   - { x:210, y:340 }
   - { x:212, y:339 }
   - { x:213, y:338 }
   - { x:215, y:337 }
   - { x:217, y:336 }
   - { x:218, y:335 }
   - { x:220, y:334 }
   - { x:221, y:333 }
   - { x:223, y:332 }
   - { x:224, y:331 }
   - { x:226, y:330 }
   - { x:227, y:329 }
   - { x:228, y:328 }
   - { x:230, y:327 }
   - { x:231, y:326 }
   - { x:233, y:325 }
   - { x:234, y:324 }
   - { x:235, y:323 }
   - { x:237, y:322 }
   - { x:238, y:321 }
   - { x:240, y:320 }
   - { x:241, y:319 }
   - { x:242, y:318 }
   - { x:243, y:317 }
   - { x:245, y:316 }
   - { x:246, y:315 }
   - { x:247, y:314 }
   - { x:249, y:313 }
   - { x:250, y:312 }
   - { x:251, y:311 }
   - { x:252, y:310 }
   - { x:254, y:309 }
   - { x:255, y:308 }
   - { x:256, y:307 }
   - { x:257, y:306 }
   - { x:258, y:305 }
   - { x:259, y:304 }
   - { x:261, y:303 }
   - { x:262, y:302 }
   - { x:263, y:301 }
   - { x:264, y:300 }
   - { x:265, y:299 }
   - { x:266, y:298 }
   - { x:267, y:297 }
   - { x:269, y:296 }
   - { x:270, y:295 }
   - { x:271, y:294 }
   - { x:272, y:293 }
   - { x:273, y:292 }
   - { x:274, y:291 }
   - { x:275, y:290 }
   - { x:276, y:289 }
   - { x:277, y:288 }
   - { x:278, y:287 }
   - { x:279, y:286 }
   - { x:280, y:285 }
   - { x:281, y:284 }
   - { x:282, y:283 }
   - { x:283, y:282 }
   - { x:284, y:281 }
   - { x:285, y:280 }
   - { x:286, y:279 }
   - { x:287, y:278 }
   - { x:288, y:277 }
   - { x:289, y:276 }
   - { x:290, y:275 }
   - { x:291, y:274 }
   - { x:292, y:273 }
   - { x:293, y:272 }
   - { x:294, y:271 }
   - { x:295, y:270 }
   - { x:296, y:269 }
   - { x:296, y:268 }
   - { x:297, y:267 }
   - { x:298, y:266 }
   - { x:299, y:265 }
   - { x:300, y:264 }
   - { x:301, y:263 }
   - { x:302, y:262 }
   - { x:303, y:261 }
   - { x:303, y:260 }
   - { x:304, y:259 }
   - { x:305, y:258 }
   - { x:306, y:257 }
   - { x:307, y:256 }
   - { x:308, y:255 }
   - { x:309, y:254 }
   - { x:309, y:253 }
   - { x:310, y:252 }
   - { x:311, y:251 }
   - { x:312, y:250 }
   - { x:313, y:249 }
   - { x:313, y:248 }
   - { x:314, y:247 }
   - { x:315, y:246 }
   - { x:316, y:245 }
   - { x:316, y:244 }
   - { x:317, y:243 }
   - { x:318, y:242 }
   - { x:319, y:241 }
   - { x:320, y:240 }
   - { x:320, y:239 }
   - { x:321, y:238 }
   - { x:322, y:237 }
   - { x:322, y:236 }
   - { x:323, y:235 }
   - { x:324, y:234 }
   - { x:325, y:233 }
   - { x:325, y:232 }
   - { x:326, y:231 }
   - { x:327, y:230 }
   - { x:327, y:229 }
   - { x:328, y:228 }
   - { x:329, y:227 }
   - { x:330, y:226 }
   - { x:330, y:225 }
   - { x:331, y:224 }
   - { x:332, y:223 }
   - { x:332, y:222 }
   - { x:333, y:221 }
   - { x:334, y:220 }
   - { x:334, y:219 }
   - { x:335, y:218 }
   - { x:336, y:217 }
   - { x:336, y:216 }
   - { x:337, y:215 }
   - { x:337, y:214 }
   - { x:338, y:213 }
   - { x:339, y:212 }
   - { x:339, y:211 }
   - { x:340, y:210 }
   - { x:341, y:209 }
   - { x:341, y:208 }
   - { x:342, y:207 }
   - { x:342, y:206 }
   - { x:343, y:205 }
   - { x:344, y:204 }
   - { x:344, y:203 }
   - { x:345, y:202 }
   - { x:345, y:201 }
   - { x:346, y:200 }
   - { x:346, y:199 }
   - { x:347, y:198 }
   - { x:348, y:197 }
   - { x:348, y:196 }
   - { x:349, y:195 }
   - { x:349, y:194 }
   - { x:350, y:193 }
   - { x:350, y:192 }
   - { x:351, y:191 }
   - { x:351, y:190 }
   - { x:352, y:189 }
   - { x:353, y:188 }
   - { x:353, y:187 }
   - { x:354, y:186 }
   - { x:354, y:185 }
   - { x:355, y:184 }
   - { x:355, y:183 }
   - { x:356, y:182 }
   - { x:356, y:181 }
   - { x:357, y:180 }
   - { x:357, y:179 }
   - { x:358, y:178 }
   - { x:358, y:177 }
   - { x:359, y:176 }
   - { x:359, y:175 }
   - { x:360, y:174 }
   - { x:360, y:173 }
   - { x:361, y:172 }
   - { x:361, y:171 }
   - { x:362, y:170 }
   - { x:362, y:169 }
   - { x:363, y:168 }
   - { x:363, y:167 }
   - { x:363, y:166 }
   - { x:364, y:165 }
   - { x:364, y:164 }
   - { x:365, y:163 }
   - { x:365, y:162 }
   - { x:366, y:161 }
   - { x:366, y:160 }
   - { x:367, y:159 }
   - { x:367, y:158 }
   - { x:367, y:157 }
   - { x:368, y:156 }
   - { x:368, y:155 }
   - { x:369, y:154 }
   - { x:369, y:153 }
   - { x:369, y:152 }
   - { x:370, y:151 }
   - { x:370, y:150 }
   - { x:371, y:149 }
   - { x:371, y:148 }
   - { x:372, y:147 }
   - { x:372, y:146 }
   - { x:372, y:145 }
   - { x:373, y:144 }
   - { x:373, y:143 }
   - { x:373, y:142 }
   - { x:374, y:141 }
   - { x:374, y:140 }
   - { x:375, y:139 }
   - { x:375, y:138 }
   - { x:375, y:137 }
   - { x:376, y:136 }
   - { x:376, y:135 }
   - { x:376, y:134 }
   - { x:377, y:133 }
   - { x:377, y:132 }
   - { x:377, y:131 }
   - { x:378, y:130 }
   - { x:378, y:129 }
   - { x:378, y:128 }
   - { x:379, y:127 }
   - { x:379, y:126 }
   - { x:379, y:125 }
   - { x:380, y:124 }
   - { x:380, y:123 }
   - { x:380, y:122 }
   - { x:381, y:121 }
   - { x:381, y:120 }
   - { x:381, y:119 }
   - { x:382, y:118 }
   - { x:382, y:117 }
   - { x:382, y:116 }
   - { x:383, y:115 }
   - { x:383, y:114 }
   - { x:383, y:113 }
   - { x:384, y:112 }
   - { x:384, y:111 }
   - { x:384, y:110 }
   - { x:384, y:109 }
   - { x:385, y:108 }
   - { x:385, y:107 }
   - { x:385, y:106 }
   - { x:385, y:105 }
   - { x:386, y:104 }
   - { x:386, y:103 }
   - { x:386, y:102 }
   - { x:387, y:101 }
