%YAML:1.0
features:
   - { x:700, y:400 }
   - { x:700, y:399 }
   - { x:700, y:398 }
   - { x:700, y:397 }
   - { x:700, y:396 }
   - { x:700, y:395 }
   - { x:700, y:394 }
   - { x:700, y:393 }
   - { x:700, y:392 }
   - { x:700, y:391 }
   - { x:700, y:390 }
   - { x:700, y:389 }
   - { x:700, y:388 }
   - { x:700, y:387 }
   - { x:700, y:386 }
   - { x:700, y:385 }
   - { x:700, y:384 }
   - { x:700, y:383 }
   - { x:700, y:382 }
   - { x:700, y:381 }
   - { x:700, y:380 }
   - { x:700, y:379 }
   - { x:700, y:378 }
   - { x:700, y:377 }
   - { x:700, y:376 }
   - { x:700, y:375 }
   - { x:700, y:374 }
   - { x:700, y:373 }
   - { x:700, y:372 }
   - { x:700, y:371 }
   - { x:700, y:370 }
   - { x:700, y:369 }
   - { x:700, y:368 }
   - { x:700, y:367 }
   - { x:700, y:366 }
   - { x:700, y:365 }
   - { x:700, y:364 }
   - { x:700, y:363 }
   - { x:700, y:362 }
   - { x:700, y:361 }
   - { x:700, y:360 }
   - { x:700, y:359 }
   - { x:700, y:358 }
   - { x:700, y:357 }
   - { x:700, y:356 }
   - { x:700, y:355 }
   - { x:700, y:354 }
   - { x:700, y:353 }
   - { x:700, y:352 }
   - { x:700, y:351 }
   - { x:700, y:350 }
   - { x:700, y:349 }
   - { x:700, y:348 }
   - { x:700, y:347 }
   - { x:700, y:346 }
   - { x:700, y:345 }
   - { x:700, y:344 }
   - { x:700, y:343 }
   - { x:700, y:342 }
   - { x:700, y:341 }
   - { x:700, y:340 }
   - { x:700, y:339 }
   - { x:700, y:338 }
   - { x:700, y:337 }
   - { x:700, y:336 }
   - { x:700, y:335 }
   - { x:700, y:334 }
   - { x:700, y:333 }
   - { x:700, y:332 }
   - { x:700, y:331 }
   - { x:700, y:330 }
   - { x:700, y:329 }
   - { x:700, y:328 }
   - { x:700, y:327 }
   - { x:700, y:326 }
   - { x:700, y:325 }
   - { x:700, y:324 }
   - { x:700, y:323 }
   - { x:700, y:322 }
   - { x:700, y:321 }
   - { x:700, y:320 }
   - { x:700, y:319 }
   - { x:700, y:318 }
   - { x:700, y:317 }
   - { x:700, y:316 }
   - { x:700, y:315 }
   - { x:700, y:314 }
   - { x:700, y:313 }
   - { x:700, y:312 }
   - { x:700, y:311 }
   - { x:700, y:310 }
   - { x:700, y:309 }
   - { x:700, y:308 }
   - { x:700, y:307 }
   - { x:700, y:306 }
   - { x:700, y:305 }
   - { x:700, y:304 }
   - { x:700, y:303 }
   - { x:700, y:302 }
   - { x:700, y:301 }
   - { x:700, y:300 }
   - { x:700, y:299 }
   - { x:700, y:298 }
   - { x:700, y:297 }
   - { x:700, y:296 }
   - { x:700, y:295 }
   - { x:700, y:294 }
   - { x:700, y:293 }
   - { x:700, y:292 }
   - { x:700, y:291 }
   - { x:700, y:290 }
   - { x:700, y:289 }
   - { x:700, y:288 }
   - { x:700, y:287 }
   - { x:700, y:286 }
   - { x:700, y:285 }
   - { x:700, y:284 }
   - { x:700, y:283 }
   - { x:700, y:282 }
   - { x:700, y:281 }
   - { x:700, y:280 }
   - { x:700, y:279 }
   - { x:700, y:278 }
   - { x:700, y:277 }
   - { x:700, y:276 }
   - { x:700, y:275 }
   - { x:700, y:274 }
   - { x:700, y:273 }
   - { x:700, y:272 }
   - { x:700, y:271 }
   - { x:700, y:270 }
   - { x:700, y:269 }
   - { x:700, y:268 }
   - { x:700, y:267 }
   - { x:700, y:266 }
   - { x:700, y:265 }
   - { x:700, y:264 }
   - { x:700, y:263 }
   - { x:700, y:262 }
   - { x:700, y:261 }
   - { x:700, y:260 }
   - { x:700, y:259 }
   - { x:700, y:258 }
   - { x:700, y:257 }
   - { x:700, y:256 }
   - { x:700, y:255 }
   - { x:700, y:254 }
   - { x:700, y:253 }
   - { x:700, y:252 }
   - { x:700, y:251 }
   - { x:700, y:250 }
   - { x:700, y:249 }
   - { x:700, y:248 }
   - { x:700, y:247 }
   - { x:700, y:246 }
   - { x:700, y:245 }
   - { x:700, y:244 }
   - { x:700, y:243 }
   - { x:700, y:242 }
   - { x:700, y:241 }
   - { x:700, y:240 }
   - { x:700, y:239 }
   - { x:700, y:238 }
   - { x:700, y:237 }
   - { x:700, y:236 }
   - { x:700, y:235 }
   - { x:700, y:234 }
   - { x:700, y:233 }
   - { x:700, y:232 }
   - { x:700, y:231 }
   - { x:700, y:230 }
   - { x:700, y:229 }
   - { x:700, y:228 }
   - { x:700, y:227 }
   - { x:700, y:226 }
   - { x:700, y:225 }
   - { x:700, y:224 }
   - { x:700, y:223 }
   - { x:700, y:222 }
   - { x:700, y:221 }
   - { x:700, y:220 }
   - { x:700, y:219 }
   - { x:700, y:218 }
   - { x:700, y:217 }
   - { x:700, y:216 }
   - { x:700, y:215 }
   - { x:700, y:214 }
   - { x:700, y:213 }
   - { x:700, y:212 }
   - { x:700, y:211 }
   - { x:700, y:210 }
   - { x:700, y:209 }
   - { x:700, y:208 }
   - { x:700, y:207 }
   - { x:700, y:206 }
   - { x:700, y:205 }
   - { x:700, y:204 }
   - { x:700, y:203 }
   - { x:700, y:202 }
   - { x:700, y:201 }
   - { x:700, y:200 }
   - { x:700, y:199 }
   - { x:700, y:198 }
   - { x:700, y:197 }
   - { x:700, y:196 }
   - { x:700, y:195 }
   - { x:700, y:194 }
   - { x:700, y:193 }
   - { x:700, y:192 }
   - { x:700, y:191 }
   - { x:700, y:190 }
   - { x:700, y:189 }
   - { x:700, y:188 }
   - { x:700, y:187 }
   - { x:700, y:186 }
   - { x:700, y:185 }
   - { x:700, y:184 }
   - { x:700, y:183 }
   - { x:700, y:182 }
   - { x:700, y:181 }
   - { x:700, y:180 }
   - { x:700, y:179 }
   - { x:700, y:178 }
   - { x:700, y:177 }
   - { x:700, y:176 }
   - { x:700, y:175 }
   - { x:700, y:174 }
   - { x:700, y:173 }
   - { x:700, y:172 }
   - { x:700, y:171 }
   - { x:700, y:170 }
   - { x:700, y:169 }
   - { x:700, y:168 }
   - { x:700, y:167 }
   - { x:700, y:166 }
   - { x:700, y:165 }
   - { x:700, y:164 }
   - { x:700, y:163 }
   - { x:700, y:162 }
   - { x:700, y:161 }
   - { x:700, y:160 }
   - { x:700, y:159 }
   - { x:700, y:158 }
   - { x:700, y:157 }
   - { x:700, y:156 }
   - { x:700, y:155 }
   - { x:700, y:154 }
   - { x:700, y:153 }
   - { x:700, y:152 }
   - { x:700, y:151 }
   - { x:700, y:150 }
   - { x:700, y:149 }
   - { x:700, y:148 }
   - { x:700, y:147 }
   - { x:700, y:146 }
   - { x:700, y:145 }
   - { x:700, y:144 }
   - { x:700, y:143 }
   - { x:700, y:142 }
   - { x:700, y:141 }
   - { x:700, y:140 }
   - { x:700, y:139 }
   - { x:700, y:138 }
   - { x:700, y:137 }
   - { x:700, y:136 }
   - { x:700, y:135 }
   - { x:700, y:134 }
   - { x:700, y:133 }
   - { x:700, y:132 }
   - { x:700, y:131 }
   - { x:700, y:130 }
   - { x:700, y:129 }
   - { x:700, y:128 }
   - { x:700, y:127 }
   - { x:700, y:126 }
   - { x:700, y:125 }
   - { x:700, y:124 }
   - { x:700, y:123 }
   - { x:700, y:122 }
   - { x:700, y:121 }
   - { x:700, y:120 }
   - { x:700, y:119 }
   - { x:700, y:118 }
   - { x:700, y:117 }
   - { x:700, y:116 }
   - { x:700, y:115 }
   - { x:700, y:114 }
   - { x:700, y:113 }
   - { x:700, y:112 }
   - { x:700, y:111 }
   - { x:700, y:110 }
   - { x:700, y:109 }
   - { x:700, y:108 }
   - { x:700, y:107 }
   - { x:700, y:106 }
   - { x:700, y:105 }
   - { x:700, y:104 }
   - { x:700, y:103 }
   - { x:700, y:102 }
   - { x:700, y:101 }
