%YAML:1.0
features:
   - { x:369, y:334 }
   - { x:383, y:334 }
   - { x:402, y:334 }
   - { x:426, y:334 }
   - { x:455, y:334 }
   - { x:493, y:334 }
   - { x:530, y:334 }
   - { x:566, y:334 }
   - { x:602, y:334 }
   - { x:634, y:334 }
   - { x:663, y:334 }
   - { x:692, y:334 }
   - { x:718, y:334 }
   - { x:741, y:334 }
   - { x:757, y:334 }
   - { x:771, y:334 }
   - { x:782, y:334 }
   - { x:790, y:334 }
   - { x:795, y:334 }
   - { x:797, y:334 }
   - { x:798, y:334 }
