%YAML:1.0
features:
   - { x:710, y:110 }
   - { x:708.5, y:110 }
   - { x:686, y:110 }
   - { x:669.5, y:110 }
   - { x:585.5, y:138.5 }
   - { x:552.5, y:159.5 }
   - { x:527.5, y:183 }
   - { x:490.5, y:229 }
   - { x:478.5, y:253.5 }
   - { x:453.5, y:328.5 }
   - { x:437, y:406.5 }
   - { x:428.5, y:448.5 }
   - { x:417, y:495 }
   - { x:413.5, y:515 }
   - { x:407, y:537 }
   - { x:401, y:550 }
   - { x:394.5, y:555 }
   - { x:368.5, y:573 }
   - { x:352.5, y:580.5 }
   - { x:320.5, y:588.5 }
   - { x:308, y:590 }
   - { x:276.5, y:592 }
   - { x:231.5, y:592 }
   - { x:210.5, y:592 }
   - { x:193, y:592 }
   - { x:184, y:592 }
   - { x:179.5, y:591 }
   - { x:171, y:569.5 }
   - { x:163, y:532 }
   - { x:155, y:471.5 }
   - { x:153.5, y:451 }
   - { x:153.5, y:432 }
   - { x:153.5, y:427 }
   - { x:153.5, y:426.5 }
