%YAML:1.0
features:
   - { x:886, y:389.5 }
   - { x:885, y:389.5 }
   - { x:857.5, y:389.5 }
   - { x:819.5, y:389.5 }
   - { x:730.5, y:389.5 }
   - { x:667, y:389.5 }
   - { x:613, y:389.5 }
   - { x:545, y:389.5 }
   - { x:497.5, y:389.5 }
   - { x:462, y:389.5 }
   - { x:420, y:389.5 }
   - { x:385, y:389.5 }
   - { x:331, y:389.5 }
   - { x:303, y:389.5 }
   - { x:280, y:389.5 }
   - { x:263, y:389.5 }
   - { x:246.5, y:387.5 }
   - { x:241, y:385.5 }
   - { x:227.5, y:381.5 }
   - { x:222, y:379 }
   - { x:217.5, y:377.5 }
   - { x:215, y:376.5 }
   - { x:214.5, y:376 }
   - { x:214.5, y:375.5 }
   - { x:215, y:375.5 }
   - { x:216, y:375.5 }
   - { x:216.5, y:375.5 }
