%YAML:1.0
features:
   - { x:675, y:187 }
   - { x:674, y:187 }
   - { x:670, y:184 }
   - { x:659.5, y:177.5 }
   - { x:649.5, y:170 }
   - { x:623.5, y:154.5 }
   - { x:609.5, y:148.5 }
   - { x:585, y:137 }
   - { x:563, y:130 }
   - { x:523.5, y:115 }
   - { x:492, y:105 }
   - { x:439, y:94.5 }
   - { x:409.5, y:94.5 }
   - { x:393.5, y:97.5 }
   - { x:386, y:102 }
   - { x:375, y:113 }
   - { x:368.5, y:124 }
   - { x:363, y:140 }
   - { x:344.5, y:196.5 }
   - { x:336.5, y:225.5 }
   - { x:323, y:278.5 }
   - { x:315, y:327.5 }
   - { x:310.5, y:357 }
   - { x:308.5, y:367.5 }
   - { x:302, y:396 }
   - { x:300, y:405 }
   - { x:292.5, y:417 }
   - { x:289.5, y:421.5 }
   - { x:281.5, y:428 }
   - { x:270.5, y:436.5 }
   - { x:258.5, y:444 }
   - { x:247, y:449.5 }
   - { x:231.5, y:452.5 }
   - { x:224, y:453 }
   - { x:214, y:453 }
   - { x:193.5, y:454 }
   - { x:184, y:457.5 }
   - { x:180.5, y:460 }
   - { x:178, y:466.5 }
   - { x:177, y:472.5 }
   - { x:177, y:478 }
   - { x:177, y:479.5 }
