%YAML:1.0
features:
   - { x:589, y:680 }
   - { x:589, y:680 }
   - { x:589, y:678 }
   - { x:589, y:677 }
   - { x:589, y:675 }
   - { x:587, y:672 }
   - { x:587, y:670 }
   - { x:587, y:670 }
   - { x:587, y:670 }
   - { x:587, y:668 }
   - { x:585, y:668 }
   - { x:585, y:667 }
   - { x:585, y:667 }
   - { x:585, y:667 }
   - { x:585, y:667 }
   - { x:585, y:665 }
   - { x:585, y:665 }
   - { x:585, y:663 }
   - { x:585, y:663 }
   - { x:585, y:663 }
   - { x:585, y:662 }
   - { x:584, y:662 }
   - { x:584, y:662 }
   - { x:584, y:662 }
   - { x:584, y:662 }
   - { x:584, y:660 }
   - { x:584, y:660 }
   - { x:584, y:660 }
   - { x:584, y:660 }
   - { x:584, y:658 }
   - { x:584, y:658 }
   - { x:584, y:658 }
   - { x:584, y:658 }
   - { x:584, y:657 }
   - { x:584, y:657 }
   - { x:584, y:657 }
   - { x:584, y:657 }
   - { x:584, y:657 }
   - { x:584, y:655 }
   - { x:584, y:655 }
   - { x:584, y:655 }
   - { x:584, y:652 }
   - { x:584, y:648 }
   - { x:584, y:642 }
   - { x:584, y:642 }
   - { x:584, y:642 }
   - { x:584, y:640 }
   - { x:584, y:640 }
   - { x:584, y:640 }
   - { x:584, y:640 }
   - { x:584, y:638 }
   - { x:584, y:638 }
   - { x:584, y:638 }
   - { x:584, y:633 }
   - { x:584, y:630 }
   - { x:584, y:630 }
   - { x:584, y:630 }
   - { x:584, y:630 }
   - { x:584, y:630 }
   - { x:584, y:630 }
   - { x:584, y:628 }
   - { x:584, y:628 }
   - { x:584, y:627 }
   - { x:584, y:622 }
   - { x:584, y:622 }
   - { x:584, y:620 }
   - { x:584, y:618 }
   - { x:584, y:618 }
   - { x:584, y:618 }
   - { x:584, y:618 }
   - { x:584, y:618 }
   - { x:584, y:617 }
   - { x:585, y:617 }
   - { x:585, y:617 }
   - { x:585, y:617 }
   - { x:585, y:615 }
   - { x:585, y:615 }
   - { x:585, y:615 }
   - { x:585, y:612 }
   - { x:585, y:610 }
   - { x:585, y:610 }
   - { x:585, y:610 }
   - { x:585, y:608 }
   - { x:585, y:608 }
   - { x:585, y:608 }
   - { x:585, y:607 }
   - { x:585, y:607 }
   - { x:585, y:607 }
   - { x:585, y:605 }
   - { x:585, y:605 }
   - { x:585, y:605 }
   - { x:585, y:602 }
   - { x:585, y:602 }
   - { x:585, y:602 }
   - { x:585, y:602 }
   - { x:585, y:600 }
   - { x:585, y:598 }
   - { x:585, y:598 }
   - { x:585, y:595 }
   - { x:585, y:595 }
   - { x:585, y:595 }
   - { x:585, y:593 }
   - { x:585, y:593 }
   - { x:587, y:593 }
   - { x:587, y:590 }
   - { x:587, y:590 }
   - { x:587, y:590 }
   - { x:587, y:590 }
   - { x:587, y:588 }
   - { x:590, y:585 }
   - { x:590, y:585 }
   - { x:590, y:585 }
   - { x:590, y:585 }
   - { x:590, y:585 }
   - { x:590, y:583 }
   - { x:590, y:583 }
   - { x:590, y:583 }
   - { x:590, y:583 }
   - { x:590, y:582 }
   - { x:590, y:582 }
   - { x:590, y:582 }
   - { x:590, y:582 }
   - { x:590, y:582 }
   - { x:590, y:580 }
   - { x:590, y:578 }
   - { x:590, y:578 }
   - { x:590, y:578 }
   - { x:590, y:578 }
   - { x:590, y:577 }
   - { x:590, y:577 }
   - { x:590, y:577 }
   - { x:590, y:575 }
   - { x:590, y:575 }
   - { x:590, y:575 }
   - { x:590, y:575 }
   - { x:590, y:573 }
   - { x:590, y:573 }
   - { x:590, y:573 }
   - { x:590, y:573 }
   - { x:590, y:572 }
   - { x:590, y:572 }
   - { x:589, y:572 }
   - { x:589, y:570 }
   - { x:589, y:570 }
   - { x:589, y:568 }
   - { x:589, y:568 }
   - { x:589, y:567 }
   - { x:589, y:567 }
   - { x:589, y:567 }
   - { x:589, y:565 }
   - { x:589, y:562 }
   - { x:589, y:562 }
   - { x:589, y:562 }
   - { x:589, y:560 }
   - { x:589, y:558 }
   - { x:589, y:557 }
   - { x:589, y:555 }
   - { x:587, y:555 }
   - { x:587, y:553 }
   - { x:587, y:553 }
   - { x:587, y:553 }
   - { x:587, y:553 }
   - { x:587, y:553 }
   - { x:587, y:553 }
   - { x:587, y:552 }
   - { x:587, y:552 }
   - { x:587, y:552 }
   - { x:587, y:552 }
   - { x:587, y:552 }
   - { x:587, y:548 }
   - { x:587, y:548 }
   - { x:587, y:548 }
   - { x:587, y:548 }
   - { x:587, y:547 }
   - { x:587, y:547 }
   - { x:587, y:547 }
   - { x:587, y:547 }
   - { x:587, y:547 }
   - { x:587, y:547 }
   - { x:587, y:547 }
   - { x:587, y:545 }
   - { x:587, y:540 }
   - { x:587, y:537 }
   - { x:587, y:535 }
   - { x:587, y:535 }
   - { x:587, y:535 }
   - { x:589, y:533 }
   - { x:589, y:533 }
   - { x:589, y:528 }
   - { x:589, y:528 }
   - { x:589, y:528 }
   - { x:589, y:528 }
   - { x:589, y:527 }
   - { x:589, y:525 }
   - { x:589, y:525 }
   - { x:589, y:523 }
   - { x:589, y:523 }
   - { x:589, y:522 }
   - { x:589, y:522 }
   - { x:589, y:520 }
   - { x:589, y:520 }
   - { x:589, y:520 }
   - { x:589, y:517 }
   - { x:589, y:515 }
   - { x:589, y:515 }
   - { x:589, y:515 }
   - { x:589, y:513 }
   - { x:589, y:513 }
   - { x:589, y:513 }
   - { x:589, y:513 }
   - { x:589, y:512 }
   - { x:589, y:510 }
   - { x:589, y:510 }
   - { x:589, y:507 }
   - { x:589, y:507 }
   - { x:589, y:503 }
   - { x:589, y:502 }
   - { x:589, y:502 }
   - { x:589, y:502 }
   - { x:587, y:502 }
   - { x:587, y:500 }
   - { x:587, y:500 }
   - { x:587, y:498 }
   - { x:587, y:497 }
   - { x:587, y:497 }
   - { x:587, y:493 }
   - { x:587, y:492 }
   - { x:587, y:492 }
   - { x:587, y:490 }
   - { x:587, y:490 }
   - { x:587, y:487 }
   - { x:587, y:487 }
   - { x:587, y:487 }
   - { x:587, y:483 }
   - { x:587, y:483 }
   - { x:587, y:482 }
   - { x:587, y:482 }
   - { x:587, y:482 }
   - { x:587, y:478 }
   - { x:587, y:478 }
   - { x:587, y:478 }
   - { x:587, y:477 }
   - { x:587, y:477 }
   - { x:587, y:475 }
   - { x:587, y:475 }
   - { x:587, y:475 }
   - { x:587, y:473 }
   - { x:587, y:472 }
   - { x:587, y:468 }
   - { x:587, y:467 }
   - { x:587, y:463 }
   - { x:589, y:462 }
   - { x:589, y:460 }
   - { x:589, y:460 }
   - { x:589, y:460 }
   - { x:589, y:460 }
   - { x:589, y:458 }
   - { x:589, y:458 }
   - { x:589, y:458 }
   - { x:589, y:457 }
   - { x:589, y:457 }
   - { x:589, y:455 }
   - { x:589, y:455 }
   - { x:589, y:453 }
   - { x:589, y:453 }
   - { x:589, y:453 }
   - { x:589, y:453 }
   - { x:589, y:452 }
   - { x:589, y:452 }
   - { x:589, y:452 }
   - { x:589, y:448 }
   - { x:589, y:448 }
   - { x:589, y:445 }
   - { x:589, y:445 }
   - { x:589, y:445 }
   - { x:589, y:443 }
   - { x:589, y:443 }
   - { x:589, y:440 }
   - { x:589, y:440 }
   - { x:589, y:440 }
   - { x:589, y:440 }
   - { x:589, y:437 }
   - { x:589, y:437 }
   - { x:589, y:437 }
   - { x:589, y:437 }
   - { x:589, y:435 }
   - { x:589, y:435 }
   - { x:589, y:435 }
   - { x:589, y:433 }
   - { x:589, y:433 }
   - { x:589, y:432 }
   - { x:589, y:432 }
   - { x:589, y:430 }
   - { x:589, y:428 }
   - { x:589, y:425 }
   - { x:589, y:425 }
   - { x:589, y:425 }
   - { x:589, y:423 }
   - { x:589, y:423 }
   - { x:589, y:423 }
   - { x:589, y:423 }
   - { x:589, y:422 }
   - { x:589, y:422 }
   - { x:589, y:422 }
   - { x:589, y:422 }
   - { x:589, y:420 }
   - { x:589, y:420 }
   - { x:590, y:417 }
   - { x:590, y:412 }
   - { x:590, y:412 }
   - { x:590, y:412 }
   - { x:590, y:410 }
   - { x:590, y:410 }
   - { x:590, y:408 }
   - { x:590, y:405 }
   - { x:590, y:405 }
   - { x:590, y:405 }
   - { x:590, y:403 }
   - { x:590, y:402 }
   - { x:590, y:402 }
   - { x:590, y:400 }
   - { x:590, y:397 }
   - { x:590, y:397 }
   - { x:590, y:395 }
   - { x:590, y:395 }
   - { x:590, y:392 }
   - { x:590, y:390 }
   - { x:590, y:390 }
   - { x:590, y:390 }
   - { x:590, y:387 }
   - { x:590, y:387 }
   - { x:590, y:387 }
   - { x:590, y:385 }
   - { x:590, y:383 }
   - { x:590, y:383 }
   - { x:590, y:383 }
   - { x:590, y:382 }
   - { x:590, y:378 }
   - { x:590, y:378 }
   - { x:590, y:378 }
   - { x:590, y:378 }
   - { x:590, y:378 }
   - { x:590, y:378 }
   - { x:590, y:377 }
   - { x:590, y:375 }
   - { x:590, y:373 }
   - { x:590, y:373 }
   - { x:590, y:372 }
   - { x:590, y:368 }
   - { x:590, y:368 }
   - { x:590, y:367 }
   - { x:590, y:365 }
   - { x:590, y:362 }
   - { x:590, y:362 }
   - { x:590, y:360 }
   - { x:590, y:360 }
   - { x:590, y:358 }
   - { x:590, y:357 }
   - { x:590, y:357 }
   - { x:590, y:357 }
   - { x:590, y:355 }
   - { x:590, y:355 }
